3 3 9 1 6 5 8 1 5 3
9 2 9 9 1 8 8 8 2 1 1
5 4 3 7 9 5 6 8 2 8 1 4
4 5 1 6 7 3 9 1 1 7 3 8 8 2 5 1
1 9 3 1 4 2 9 5 4 4 6 7 4 4 6 5 7 9 2 1
4 2 7 3 2 9 1 8 6 7
9 7 9 7 6 5 6 7 4 9 1 1 3 3
6 9 9 5 6 7 4 2 8 2 4 9
3 6 2 8 3 8 5 7 6 1 8 5 7 2 3 4 6
7 1 8 6 5 7 2 7 1 7 3 6 6 8 6 7 7 3 9
2 9 6 5 8 7 7 4 3 1 3 3
4 2 1 2 5 5 4 9 5 6 4 7 4 9 7 5
1 4 6 4 2 7 1 9 5 7 7 1 7 3 4 2 4 1 4
9 3 9 5 5 8 4 8 7 4
1 1 8 3 9 5 8 9 3 6 1 2 3 3 9 4 6 8
5 7 9 4 6 3 2 1 2 3 5 2 3 8 1 1 6 5 1
5 4 5 9 7 9 8 2 3 7
8 7 5 5 8 4 2 8 7 2 5
4 5 8 7 7 9 3 3 2 4 6 9 4 1 6 6
6 7 8 3 3 1 1 1 5 3 2 2 9 5 5
8 2 5 2 4 7 2 4 7 5 2
9 8 5 7 5 1 5 8 5 6 6 4 7 2 9 8
